R = 
 [0.999803562448524, 0.001723741455498109, 0.01974500520725982;
 -0.001871816305567708, 0.999970247576086, 0.00748333256908456;
 -0.01973151841492019, -0.007518821584258395, 0.9997770423964666]

T = 
 [0.9921053893610418;
 0.01416216822516104;
 0.1246046924956593]

E = 
 [-4.620398796633448e-005, -0.1247074680201577, 0.01322655230845917;
 0.1441559612146819, 0.007674249689391122, -0.9894238716188011;
 -0.01601642528815891, 0.9920514599044605, 0.00714462248681802]

F = 
 [-7.756813873182239e-007, -0.0005262490661680898, 0.1826528289272971;
 0.0006037570985342812, 6.76842600395746e-005, -3.639126688473162;
 -0.2039167228169442, 3.607827717329452, 1]

