R = 
 [0.9992690504801262, -0.001916057637897404, 0.03817975216885576;
 0.001880376524653993, 0.9999977612094773, 0.0009704432796147644;
 -0.0381815261176465, -0.0008979416248701745, 0.9992704162358486]

T = 
 [0.9995709622041974;
 0.00905952490168508;
 -0.02785348320642944]

E = 
 [-0.0002935314506959433, 0.02784528592380443, 0.009079945444997408;
 0.01033202108358772, 0.0009509252532142742, -0.9999051305449168;
 -0.007173333074253332, 0.9995860829460839, 0.0006241365072553462]

F = 
 [-1.906584887832487e-007, 1.81467410810204e-005, 0.0003137684630716495;
 6.714602756433355e-006, 1.948348385420221e-006, -0.5395822234683617;
 -0.005479649494358821, 0.5312738589163092, 1]

