R = 
 [0.9995759710411636, 0.01264235456175518, -0.026230687910345;
 -0.01226377160812478, 0.9998190218082473, 0.01454384874588974;
 0.02640980922041658, -0.01421599456719205, 0.9995501125383394]

T = 
 [0.7804021969366308;
 -0.1410343187014297;
 0.60916478227562]

E = 
 [0.003745968311105061, -0.6070495936263972, -0.1498304695845215;
 0.5882962056309414, 0.01879547055593869, -0.7960299150630217;
 0.1314038417604009, 0.7820439670205888, 0.007650624314701088]

F = 
 [-6.522807972349375e-007, -0.0003891749451795786, 0.02290024180336789;
 0.0003626259566339065, 1.53136774980815e-005, -0.5282138938921245;
 -0.02161081686696922, 0.5394427131310577, 1]

