R = 
 [0.9991942332273128, -0.01252366816936822, 0.03813190292742189;
 0.01322037968818535, 0.9997492430103361, -0.01807408811420766;
 -0.03789598720422782, 0.01856364284949231, 0.999109245937587]

T = 
 [0.9763352619396508;
 0.1075283133815658;
 -0.187635599273031]

E = 
 [-0.001594277722590184, 0.1895846655408267, 0.1040411897449746;
 -0.150485220148262, -0.01577445312195722, -0.9826204897960087;
 -0.09453414777371373, 0.9774370879640664, -0.02174662876112071]

F = 
 [-1.249599909530731e-006, 0.0004570523089877099, 0.1053783160834373;
 -0.0003758708451653733, -7.013567531463396e-005, -1.897676568542928;
 -0.08742888232617885, 1.795047768227139, 1]

